Hello World!
FillIntArray: 0,5,10,15,20
GetDrunkFibonacci: 1,1,0,260,260,772,1284,2048,260,2308,4868,7428,12288,260,12548,25348,38148,63496,260,63748,127748,191748,319488,300,319748,639764,959812,1599568,260,1599828,3199876,4799956,7999824,260,8000084,16000388,24000724,40001112,300,40001412,80003092,120004804,200007888,260,200008148,400016516,600024916,1000041424,260,1000041684,2000083588,-1294841772,705241808,260,705242068,1410484356,2115726676,-768756264,260,-768756012,-1537511804,1988699732,451187920,260,451188180,902376580,1353565012,-2039025704,260,-2039025452,216916612,-1822108588,-1605191984,260,-1605191724,1084584108,-520607356,563976720,260,563976980,1127954180,1691931412,-1475081704,260,-1475081452,1344804612,-130276588,1214528016,260,1214528276,-1865910524,-651381996,1777674776,260,1777675028,-739617020,1038058260,298441232,260,298441492
GetMaxOnRange: 2131407812
GetNextNegativeRange: -1294841772
GetXoredWithLaggedItself: 200007889,261,200008148,400016768,600024656,1000040660,1024,1000039636,2000083840,-1294843568,705245652,7168,705237972,1410484608,2115722320,-768747812,37888,-768782628,-1537511552,1988747088,451241940,191488,450917844,902376872,1353261648,-2038485812,959552,-2039572348,216916864,-1820541696,-1604164268,4799696,-1607948668,1084584360,-528335920,560578452,24000976,603964748,1127953960,1723501712,-1395602932,120005056,-1543509052,1344804352,-203963712,1605631636,600024656,1946112196,-1865910784,-491266112,516157596,-1294841520,1140591044,-739617280,399941824,1172017812,2115726416,-1008439604,596882944,-412080704,-55958380,1988700024,1108729796,-1310550448,272070208,-1988143508,1353564792,985699276,2037184592,-1336572352,-1552052924,-1822108336,264422932,1595990912,-1360796784,762791532,-520607616,1280290260,-609980024,1760244288,1713385188,1691931152,-1928392452,1245067200,-951756360,-374366636,-130276848,-236736444,1930368128,1693621184,258851164,-651382256,-162489012,1061908096,-1224471360,-841564076,1038058000,267731524,1014575272,1266421776
GetInChunks: [1,1,0,260,260,772,1284,2048,260,2308,4868,7428,12288,260,12548,25348]
[38148,63496,260,63748,127748,191748,319488,300,319748,639764,959812,1599568,260,1599828,3199876,4799956]
[7999824,260,8000084,16000388,24000724,40001112,300,40001412,80003092,120004804,200007888,260,200008148,400016516,600024916,1000041424]
FlattenChunkedSequence: 0,1,1,260,260,300,260,260,300,-1537511804,-1294841772,-768756264,-2039025704,-2039025452,-1822108588,-1865910524,-1475081704,-1475081452,-1310550188,-1128891672,-1128891372,-1349488704,-1349488444,-1182299824,-1758528368,-1616529832,-1616529580,-2027044972,-1758528108,-1013522880,-2136243008,-2136242748,-2113760428,-1978866412,-1866455024,-1866454764,-1378582208,-1378581948,-900915308,-1572059756,-1077971056,-1048039932,-1602329528,-1602329276,-1179459776,-1403520440,-1403520188,-1150297724,-2053263484,-1456520316,-1026632120,-1694633408,-1676381820,-838191296,-1694633148,-1375715000,-788931628,-1375714748,-872243324,-165620672
GetGroupSizes: [1, 2],[0, 2000],[4, 5094],[-4, 2904]
